4294967278,362
4294967278,0
4294967279,255
4294967294,36
4294967294,39
4294967279,249
4294967278,244
4294967278,248
321,5
4294967279,248
321,4
321,3
321,2
321,1
4294967279,238
4294967278,237
319,5
4294967279,230
319,4
4294967278,228
319,3
319,2
319,1
4294967278,132
4294967278,130
4294967278,129
4294967278,360
4294967278,127
4294967278,125
4294967278,124
4294967278,122
4294967278,121
4294967278,117
4294967278,116
4294967278,114
4294967278,113
4294967278,112
4294967278,78
4294967278,76
4294967278,58
4294967278,301
4294967278,47
4294967278,44
4294967278,42
4294967278,40
4294967278,296
4294967278,37
4294967278,36
4294967278,35
4294967278,293
4294967278,34
4294967278,32
4294967278,28
4294967278,346
4294967278,27
4294967278,26
4294967278,25
4294967278,23
4294967278,5
4294967279,127
4294967279,125
4294967279,124
4294967279,123
4294967279,121
4294967279,119
4294967279,118
4294967279,116
4294967279,114
4294967279,113
4294967279,112
4294967279,110
4294967279,174
4294967279,91
4294967279,86
4294967279,85
4294967279,82
4294967279,77
4294967279,0
4294967279,410
4294967279,29
4294967279,467
4294967279,23
4294967279,108
4294967279,227
4294967294,186
4294967294,1
4294967278,223
4294967279,223
4294967278,104
4294967278,215
4294967294,1068
4294967294,0
4294967278,101
4294967294,17
4294967294,67
4294967294,5
4294967294,81
4294967294,50
4294967279,392
4294967278,98
4294967278,357
4294967294,25
4294967278,96
4294967279,96
4294967279,209
4294967278,207
4294967294,90
4294967294,86
4294967294,84
4294967294,419
4294967294,1247
4294967294,28
4294967294,1087
4294967294,27
4294967294,26
4294967294,430
4294967294,417
4294967294,53
4294967279,206
4294967294,94
4294967294,96
4294967279,205
4294967279,204
4294967278,202
4294967294,22
4294967294,93
4294967294,95
4294967278,85
4294967294,1163
4294967294,7
4294967294,6
4294967278,384
4294967278,198
4294967279,199
4294967278,82
4294967279,84
4294967279,198
4294967278,318
4294967278,193
4294967279,194
4294967278,192
4294967279,193
315,4
315,3
315,2
315,1
4294967278,187
4294967279,74
4294967279,72
4294967279,313
4294967279,69
4294967278,67
4294967278,391
4294967278,68
4294967278,65
4294967278,375
4294967279,310
4294967278,306
4294967278,62
4294967278,305
4294967279,173
4294967278,171
4294967279,172
4294967278,57
4294967278,168
4294967278,167
4294967278,166
4294967278,164
4294967279,165
4294967278,344
4294967278,162
4294967278,161
4294967278,160
4294967278,157
4294967279,158
4294967278,156
4294967279,156
4294967278,151
4294967279,151
4294967294,409
4294967294,396
4294967294,413
4294967294,421
4294967294,403
4294967294,415
4294967294,406
4294967294,118
4294967294,180
4294967294,386
4294967294,460
4294967278,294
4294967279,296
4294967294,387
4294967279,30
4294967279,141
4294967279,28
4294967279,27
4294967279,26
4294967279,137
4294967294,162
4294967294,1085
4294967294,1153
4294967278,136
4294967279,24
4294967279,136
4294967278,135
4294967279,135
4294967278,271
4294967279,274
4294967279,452
4294967278,268
4294967278,282
4294967279,270
4294967279,269
4294967279,265
4294967279,264
4294967279,490
4294967278,261
4294967294,115
4294967279,263
4294967279,404
4294967278,363
4294967278,364
4294967279,466
4294967279,256
4294967278,381
4294967278,254
4294967278,253
4294967279,120
4294967279,432
4294967279,246
4294967279,244
4294967279,242
4294967279,243
4294967278,240
4294967294,42
4294967278,131
4294967278,407
4294967278,128
4294967278,126
4294967278,123
4294967278,120
4294967278,119
4294967278,245
4294967278,118
4294967278,239
4294967278,115
4294967278,109
4294967278,227
4294967278,108
4294967279,240
4294967278,174
4294967278,221
4294967278,103
4294967278,102
4294967278,397
4294967278,377
4294967278,87
4294967278,80
4294967278,317
4294967278,77
4294967278,351
4294967278,75
4294967278,313
4294967278,72
4294967278,311
4294967278,70
4294967278,66
4294967278,64
4294967278,63
4294967278,61
4294967278,52
4294967278,50
4294967278,45
4294967278,43
4294967278,299
4294967278,41
4294967278,39
4294967278,409
4294967278,292
4294967278,31
4294967278,30
4294967278,29
4294967278,396
4294967278,17
4294967278,15
4294967278,12
4294967278,340
4294967278,11
4294967278,10
4294967278,8
4294967278,387
4294967278,7
4294967278,338
4294967278,6
4294967278,408
4294967278,4
4294967279,132
4294967279,402
4294967279,397
4294967279,122
4294967294,9
4294967294,8
4294967279,99
4294967279,462
4294967279,314
4294967279,68
4294967279,308
4294967279,414
4294967279,475
4294967279,138
4294967279,283
4294967279,18
4294967279,16
4294967279,12
4294967279,10
4294967279,9
4294967279,285
4294967279,8
4294967279,7
4294967279,261
4294967279,6
4294967279,5
4294967279,4
4294967278,236
4294967279,236
4294967278,234
4294967279,228
4294967278,222
4294967279,104
4294967278,105
4294967278,220
4294967278,100
4294967279,280
4294967279,94
4294967279,390
4294967278,94
4294967278,93
4294967278,91
4294967278,90
4294967279,89
4294967279,388
4294967278,89
4294967278,322
4294967279,87
4294967278,84
4294967278,320
4294967279,425
4294967278,83
4294967279,489
4294967279,83
4294967278,81
4294967278,194
4294967279,195
4294967278,79
4294967279,190
4294967279,488
4294967278,71
4294967278,73
4294967278,315
4294967294,439
4294967294,1242
4294967278,69
4294967278,309
4294967278,179
4294967279,180
4294967294,494
4294967279,309
4294967278,60
4294967278,424
4294967279,176
4294967278,374
4294967279,443
4294967278,59
4294967278,56
4294967278,388
4294967278,55
4294967279,464
4294967278,53
4294967278,349
4294967278,54
4294967278,406
4294967279,441
4294967278,51
4294967279,164
4294967278,49
4294967278,302
4294967279,305
4294967278,48
4294967278,159
